  130 at (          0,          0)
   57 at (          0,          0)
   64 at (          0,          0)
   84 at (          0,          0)
  109 at (          0,          0)
  166 at (          0,          0)
  143 at (          0,          0)
   51 at (          0,          0)
   64 at (          0,          0)
   70 at (          0,          0)
   66 at (          0,          0)
   95 at (          0,          0)
   94 at (          0,          0)
  120 at (          0,          0)
   86 at (         -1,          0)
   67 at (          0,          0)
   92 at (         -2,          0)
   86 at (          0,          0)
  100 at (          0,          0)
   85 at (          0,          0)
   75 at (          0,          0)
   75 at (          0,          0)
  169 at (          0,          0)
   95 at (          0,          0)
  108 at (          0,          0)
  105 at (          0,          0)
  105 at (          0,          0)
  136 at (          0,          1)
  103 at (          0,          0)
  151 at (          0,          0)
   38 at (          0,          0)
    0 at (         -6,          0)
   58 at (          0,          0)
   67 at (          0,          0)
  108 at (          0,          0)
   98 at (          0,          0)
   84 at (          0,          0)
   72 at (          0,          0)
   78 at (          0,          0)
   85 at (          0,          0)
   87 at (          0,          0)
   25 at (          0,          0)
    6 at (          0,          0)
    5 at (          0,          0)
  147 at (          0,          1)
   89 at (          0,          0)
  103 at (          0,          0)
   90 at (          0,          0)
  109 at (          0,          0)
  206 at (          0,          0)
   19 at (          0,          0)
   99 at (          0,          0)
  156 at (          0,          0)
   62 at (          0,          0)
   61 at (          0,          0)
   90 at (          0,          0)
   77 at (          0,          0)
   81 at (          0,          0)
   84 at (          0,          0)
   75 at (          0,          0)
   94 at (          0,          0)
   68 at (          0,          0)
   19 at (          0,          0)
   25 at (          0,          0)
    0 at (         -2,         -3)
   11 at (          0,          0)
  154 at (          0,          0)
   88 at (          0,          0)
   90 at (         -1,          0)
   88 at (          0,          0)
  103 at (          0,         -1)
  173 at (          0,          0)
   66 at (          0,          0)
   74 at (          0,          0)
  188 at (          0,          0)
   69 at (          0,          0)
    7 at (          0,          0)
   45 at (          0,          0)
   81 at (          0,          0)
   92 at (          0,          0)
   80 at (          0,          0)
   76 at (          0,          0)
   37 at (          0,          0)
  115 at (          0,          0)
   58 at (          0,          0)
   83 at (          0,          0)
  133 at (          0,          0)
  116 at (          0,          0)
  121 at (          0,          0)
   85 at (          4,          3)
   86 at (          0,         -1)
   88 at (          0,          0)
  102 at (          0,          0)
  130 at (          0,          0)
  116 at (          0,          0)
  110 at (          0,          0)
  909 at (          0,          0)
  591 at (          0,          0)
  114 at (          0,          0)
  108 at (          0,          0)
   94 at (          0,          0)
  124 at (          0,          0)
   94 at (          0,          0)
   95 at (          0,          0)
   60 at (          0,          0)
  144 at (          0,          0)
  106 at (          0,          0)
  131 at (          0,          0)
  103 at (          0,          0)
   56 at (          0,          0)
  136 at (          0,          0)
   92 at (          0,          1)
   79 at (          0,          0)
   94 at (          0,          0)
   79 at (          0,          0)
  137 at (          0,          0)
   84 at (          0,          0)
  125 at (          0,          0)
 1234 at (          0,          0)
  880 at (          0,          0)
  147 at (          0,          0)
  121 at (          0,          0)
   73 at (          0,          0)
  147 at (          0,          0)
  125 at (          0,          0)
  128 at (          0,          0)
  142 at (          0,          0)
  183 at (          0,          0)
  141 at (          0,          0)
  101 at (          0,          0)
   80 at (          0,          0)
   82 at (          0,          0)
  135 at (          0,          0)
   92 at (          0,          0)
   88 at (          0,         -1)
   97 at (          0,          0)
  113 at (          0,          0)
  183 at (          0,          0)
  114 at (          0,          0)
  607 at (          0,          0)
  262 at (          0,          0)
  340 at (         -1,          0)
  270 at (          0,          0)
  153 at (          0,          0)
  194 at (          0,          0)
   99 at (          0,          0)
  142 at (          0,          0)
  141 at (          0,          0)
  239 at (          0,          0)
  165 at (          0,          0)
  105 at (          6,          1)
   90 at (          0,          0)
   79 at (          0,          1)
   77 at (          0,          0)
  160 at (          0,          0)
   89 at (          0,          0)
   98 at (          0,          0)
  115 at (          0,          1)
  117 at (          0,          0)
  209 at (          0,          0)
   95 at (          0,          0)
  503 at (          0,          0)
  157 at (         -1,          0)
  108 at (         -1,          0)
  737 at (          0,          3)
  148 at (          0,          0)
  133 at (          0,          0)
  118 at (          0,          0)
  107 at (          0,          0)
  145 at (          0,          1)
  225 at (          0,          0)
  140 at (          0,          1)
   89 at (          4,          0)
   66 at (          0,          0)
   76 at (          0,          1)
   77 at (          0,          1)
  151 at (          0,          0)
   66 at (          0,          0)
  106 at (          5,         -4)
   99 at (          0,          0)
  109 at (          0,         -1)
  144 at (          0,          0)
   95 at (          0,          0)
  594 at (          0,          0)
  896 at (          0,          0)
  367 at (         -1,          0)
  693 at (         -1,          0)
  126 at (          0,          0)
   98 at (          0,          0)
  164 at (          0,          0)
  143 at (          0,          0)
  157 at (          0,          0)
  146 at (          0,          0)
  192 at (          0,          0)
   99 at (          0,          1)
   80 at (          0,         -2)
   57 at (          3,         -2)
   74 at (         -2,          5)
  117 at (          0,          0)
   92 at (          0,          0)
  114 at (          0,          0)
   92 at (          0,          0)
  114 at (          0,          0)
  138 at (          0,          0)
   78 at (          0,          0)
  390 at (          0,          0)
  587 at (          0,          0)
  568 at (         -1,          0)
  938 at (         -1,          0)
  152 at (         -1,          0)
   90 at (          0,          0)
  111 at (          0,          0)
   83 at (          0,          0)
  158 at (          0,          0)
  159 at (          0,          0)
  118 at (          0,          0)
   96 at (          0,          0)
   71 at (          0,          1)
   77 at (          0,         -1)
   65 at (          0,          1)
  102 at (          0,          0)
   89 at (          0,          0)
   75 at (          0,          0)
   78 at (          0,          0)
  109 at (          0,          2)
  117 at (          0,          0)
   95 at (          0,          0)
   82 at (          0,          0)
  724 at (          0,          0)
  560 at (         -1,         -3)
  974 at (         -1,          1)
  115 at (         -1,          0)
  103 at (          0,          0)
  115 at (          0,          0)
   85 at (          0,          0)
  161 at (          0,          0)
  118 at (          0,         -1)
  120 at (          0,          0)
   97 at (          0,         -1)
   70 at (          0,         -1)
   70 at (          0,          1)
   80 at (         -1,          0)
  111 at (          0,          4)
   77 at (          0,          0)
   74 at (          0,          0)
  106 at (          0,          2)
  111 at (          0,         -1)
  166 at (          0,          0)
  106 at (          0,          0)
  106 at (          0,          0)
 1822 at (         -1,          0)
  455 at (          0,          0)
  112 at (          0,          0)
   88 at (          0,          0)
   97 at (          0,          0)
   82 at (          0,          0)
   86 at (          0,          0)
  119 at (          0,          0)
  164 at (          0,          0)
  119 at (          0,          0)
   91 at (          0,          0)
  102 at (          0,         -5)
   83 at (          0,         -5)
   86 at (         -1,         -2)
  130 at (          0,         -2)
   97 at (          0,         -1)
   79 at (          0,          0)
   85 at (          0,          0)
  107 at (          0,          0)
  129 at (          0,          0)
   84 at (          0,          0)
  115 at (          0,          0)
  783 at (         -2,          1)
  222 at (          0,          0)
   91 at (          0,          0)
   90 at (          0,          0)
  113 at (          0,          0)
   86 at (          0,          0)
  110 at (          0,          0)
  119 at (          0,          0)
   89 at (          0,          0)
  147 at (          0,          0)
   96 at (          3,          2)
   88 at (          0,         -1)
   67 at (          0,         -1)
   88 at (         -1,          0)
  127 at (          0,         -1)
   72 at (          0,          0)
   82 at (         -3,         -2)
   95 at (          0,          0)
   92 at (          0,          0)
   89 at (          0,          0)
   93 at (          0,          0)
  133 at (          0,          0)
  220 at (         -2,          1)
  212 at (          0,          0)
  127 at (          0,          0)
  150 at (          0,          0)
  145 at (          0,          0)
   84 at (          0,          0)
  108 at (          0,          1)
  112 at (          0,          0)
   91 at (          0,          0)
  126 at (          0,          0)
   83 at (          0,         -2)
   84 at (          0,          0)
   89 at (          0,          0)
  109 at (          0,         -1)
  141 at (          0,          2)
  105 at (          0,          0)
   90 at (          0,          0)
  106 at (          0,          0)
  109 at (          0,          0)
   99 at (          0,          0)
   86 at (          0,          0)
   76 at (          0,          0)
   92 at (          0,          0)
   87 at (          0,          0)
   86 at (          0,          0)
   84 at (          0,          0)
   95 at (          0,          0)
   97 at (          0,          0)
  111 at (          0,          0)
  101 at (          0,          0)
   76 at (          0,          0)
   90 at (          0,          0)
   97 at (          0,          0)
   91 at (          0,          2)
   84 at (          4,         -2)
   97 at (          0,          0)
  155 at (          0,          0)
  128 at (          0,          0)
  100 at (          0,          0)
  102 at (          0,          0)
   76 at (          0,          0)
   85 at (          0,          0)
   77 at (          0,          0)
   75 at (          0,          0)
   92 at (          0,          0)
  108 at (          0,          0)
   77 at (          0,          0)
   88 at (          0,          0)
   90 at (          0,          0)
   96 at (          0,          0)
  100 at (          0,          0)
   90 at (          0,          0)
   98 at (          0,          0)
   84 at (          0,          0)
  133 at (          0,          0)
  113 at (          0,          0)
   91 at (          0,          0)
   97 at (          0,          0)
   85 at (          0,          0)
   97 at (          0,          0)
   89 at (          0,          0)
  108 at (          0,          0)
   91 at (          0,          0)
   84 at (          0,          0)
   79 at (          0,          0)
   85 at (          0,          0)
   71 at (          0,          0)
   82 at (          0,          0)
   72 at (          0,          0)
   78 at (          0,          0)
   99 at (          0,          0)
   93 at (          0,          0)
   83 at (          0,          0)
   92 at (          0,          0)
  102 at (          0,          0)
  107 at (          0,          0)
   96 at (          0,          0)
  105 at (          0,          0)
  101 at (          0,          0)
   93 at (          0,          0)
  118 at (          0,          0)
  120 at (          0,          0)
  112 at (          0,          0)
  103 at (          0,          0)
   90 at (          0,          0)
   68 at (          0,          0)
   70 at (          0,          0)
   76 at (          0,          0)
   77 at (          0,          0)
   73 at (          0,          0)
  133 at (          0,          0)
   87 at (          0,          0)
   77 at (          0,          0)
  118 at (          0,          0)
   94 at (          0,          0)
   84 at (          0,          0)
   88 at (          0,          0)
  102 at (          0,          0)
   99 at (          0,          0)
  105 at (          0,          0)
  118 at (          0,          0)
  142 at (          0,          0)
 4316 at (          3,         -1)
 4168 at (          1,          6)
 4376 at (          1,         -6)
 4221 at (          0,          4)
 4340 at (          4,          2)
 4171 at (         -3,         -5)
 4399 at (         -1,          3)
 4395 at (         -6,          1)
 4123 at (          6,          6)
 4184 at (          7,          5)
 4172 at (          3,         -2)
 3989 at (          2,          0)
 4350 at (          7,          8)
 3694 at (          5,          4)
 3991 at (          3,          7)
 4409 at (         -7,         -1)
 4381 at (         -7,          7)
 4185 at (         -5,          9)
 4314 at (         -6,         -5)
 4514 at (         -1,          2)
 4326 at (         -4,         -5)
 4165 at (          7,          9)
- ME_top.v:16: Verilog $finish
